11111111111111110001111111111111111111111111111111111001111111111111111111111111111111111111111101111111111000001111111111111111
11111111111111100111111111111111111111111111111111111100111111111111111111111111111111111111111101101111111001000111111111111111
11111100100111001111111111111111111111111111111111111110111111111111111111111111111111111111110110001111101001100111111111111001
11111000101110011111111111111111111111111111111111111100111111111111111111111110111111101111111011001111101101100110111001111001
11111001100110111111111111111111110011111111111111111110111111111111111111111111011111101111111011100011101101100010011001111001
11110001100101111111111111111111110001111111111111111110111111111111111111111111101111101111111100101011101101110011011100111010
11110011101101111111111111111111000000000001111111111110111111111111111111111111101111110111111110110101011100110011011100111010
11100111001011111111111111111111111111111110000000000000011111111111111111111111110111110111111111011001011100111001101100011011
11100110101011111111111111111111111111111111111111111111111111111111111111111111111011111011111111011100011100111001101101001011
11101110011011111111111111111111111111111111111111111111111111111111111111111111111011111011111111101110011100111001110101100011
11001001010111111111111111111111111111111111111111111111111111111111111111111111111101111101111111110111011100101100110000110000
11001011010111111111111111111111111111111111111111111111000011111111111111111111111110111110111111110111011100100100111000110001
11000111000111111111111100111111111111111111111111111111001111111111111111111111111110111111111111110111011100100110111000111000
11010111001111111111100001111111111111111111111111111100011111111111111111111111111110111111111111111111101100100110011100110101
11010111001111111111010001111111111111111111111111010000111111111111111111111111111111111111111111111111101101100110011100110011
10010111001111111111001001111111111111111011111110000011111111111111111111111111111111111111111111111111111101100110011101101010
10011111001111111100011011111111111111110001111100100111111111111111111111111111111111111111111111111111111101100110101101010100
10011111001111111010110011111111111111111111111001101111111111111111111111111111111111111111111111111111111101000110101101001100
10011111001111111001110011111111111111111111110011011111111111111111111111111111111111111111111111111111111101001011001100110000
00111111001111100011100111111111111111111111100110011111111111111111111111111111111111111111111111111111111100101011001001101001
00111111001111001111100111111111111111111101001100111111111111111111111111111111111111111111111111111111111100101111000011100001
10111110101110011011001111111111111111111000011000111111111111111111111111111111111111111111111111111111111100101111001011100101
11111110101110110100001111111111111111110010111100111111111111111111111111111111111111111111111111111111111100101111000111000101
11111110101101110010001111111111111111001001110001111111111111111111111111111111111111111111111111111111111100111111001111001101
11111100101011100110011111111111111110100111100001111111111111111111111111111111111111111111111111111111111100111110001110101101
11111101101011010110111111111111111100011111010001111111111111100000010000001111111111111111111111111111111101111101001101101101
11111101100111001100111111111111110001111111010011111111111001101111100000000111111111111111111111111111111101111010101101101101
11111011100110101100111111111111101011111111110011111111111011001000000000001011111111111111111111111111111101110110111101101101
11110111101101011001111111111110010111111110110111111111110111000011101110001001111111111111111111111111111001101101111001101101
11110111001010110001111111111100001111111110110111111111000111001011111111100101111111111111111111111111111010101011111001001101
11100111000110110001111111111000111111111110100011111100110110100111111111110001111111111000111111111111111000111011110011011101
11101110100110110001111111110001111111011110101111111001101110011111111111011001111111111110111111111111110001110111110011011101
11101110100110110001111111100011111111011110001111110111101101011111101000011000111111111110011111111111110001101100000111011100
11111110101101110001111111101111111110001110001111101111011100000000110100001000111111111110011111111111110001101011000111011100
11111111101011110001111111001111111110001110101111001110001100111000110010001010111111111110011111111111101001010111001111011000
11111111011111110011111111011111111110010110011110011101001100111110011100011010111111111110011111111111101010110111101110111000
11111111011111110011111100111111111110010110011101111101101101111110000110001010111111111111001111111111100101110111000110100001
11111110111111110011111001111111111110011010110001111001110111111110100111011000111111111111101111111111001011110111010110010101
11111110111111110011110011111111111110011110110011110011110001111111000011011101111111111111100111111110101010110110111100101110
11111101111111010011110111111111111010011100100111110011111010111111010111101101111111111111001001111110110110101110111010101110
11111101111110000011101111111111111010011101100111100111111101001111101111111001111111111000100111111101101110101100110101010010
11111111111110010011001111111111111010111101001111100111111110010001001111111011111111100000000000000101011110101101101101000010
11111111111110010011001111111111101000111101011110000111111111000010000011110111111110011001111111111000111110101011101100000100
11111111111110110110011111111011101010111100111101100111111111110000000000000000000000000111111111111011111110001011011101001010
11111111111111010110111111111011101111111000111101100111111111111100000000000000000100011111111111110111111110000110111011001010
11111111111111010100111111111001101111111001110101101111111111111101011000000000000000111111111111100111111110101101110111001011
11111111111111010100111111111101101111111001110101101111111111110011011111111111111111110111111111001111111110100011001111001011
11111111111111010000111111111101101111111011110101000111111111000110111111111111111111100111111111001111111110101110111111001001
11111111111101100001111111101100100111110011110001000011111110101110111111111111111111001111111110011111111101011110111111001001
11111111111100100001111111100100101111110111110001001011111101011110111111111111111110011111111100111111111101011101111111001010
11111111110110101001111111110110001111001111110011011101111100111110111111111111111000111111111010111111111111111101011111001010
11111111110011001001111111110110101111011111110111011110011011111101111111111111000110111111110101111111111111111011011111001011
11111111110101010011111111110110111111111110110111011111000111111011111111111110011101111111101011111111111111111010101111001011
11111111111010010011111111110111111111111111010110111110000001111011111111111001111101111111010111111111110111110110101111000011
11111111111011000011111111111011111111111111000110111001111010001011111110000011111011111110101111111111100111110110110110100011
11111111111011100011111111111011111111111111001110111111111100110011111101111111111011111100011111111111101011110110110110100011
01111111111011110011111111111011111111111111100111111111111111000000001011111111110111111001111111111111101011110110111010100011
01111111111101110011111111111111111111111111100111111111111111110000100011111111110111100011111111111110101101111101111010100111
01111111111101110011111111111111111111111111101111111111111111111100000100011111101111011011111111111101001101111101111100100111
01111111111110101011111111111111111111111111101111111111111111111001100001100111011111010111111111111111011110111101111100100111
01111111111111010011111111111111111111111111110111111111111111110111111001111000000010101111111111110000011111111101111100110111
01111111111111010011111111111111111111111111110111111111111111101111111110000000001000000000000000000001011111111111111101110111
01111111111111110111111111111111111111111111110111111111111111111111111111111101110000000111111111111111111111111111111101111111
10111111111111110111111111111111111111111111111111111111111111111111111111111101111111111111111111111111111111111111111101111111
